cameraParams =

  cameraParameters - 属性:

   Camera Intrinsics
                         Intrinsics: [1×1 cameraIntrinsics]

   Camera Extrinsics
                   RotationMatrices: [3×3×21 double]
                 TranslationVectors: [21×3 double]

   Accuracy of Estimation
              MeanReprojectionError: 1.8728
                 ReprojectionErrors: [81×2×21 double]
                  ReprojectedPoints: [81×2×21 double]

   Calibration Settings
                        NumPatterns: 21
                        WorldPoints: [81×2 double]
                         WorldUnits: 'millimeters'
                       EstimateSkew: 0
    NumRadialDistortionCoefficients: 2
       EstimateTangentialDistortion: 0


>> cameraParams.Intrinsics

ans =

  cameraIntrinsics - 属性:

             FocalLength: [1.6870e+03 1.6803e+03]
          PrincipalPoint: [505.9182 402.4020]
               ImageSize: [800 800]
        RadialDistortion: [0.2804 -0.9207]
    TangentialDistortion: [0 0]
                    Skew: 0
         IntrinsicMatrix: [3×3 double]

>> cameraParams.Intrinsics.IntrinsicMatrix

ans =

   1.0e+03 *

    1.6870         0         0
         0    1.6803         0
    0.5059    0.4024    0.0010



>> cameraParams.Intrinsics.IntrinsicMatrix

ans =

   1.0e+03 *

    1.6870         0         0
         0    1.6803         0
    0.5059    0.4024    0.0010

>> cameraParams.RotationMatrices

ans(:,:,1) =

   -0.2526    0.9478    0.1947
   -0.9227   -0.2965    0.2463
    0.2911   -0.1174    0.9495


ans(:,:,2) =

    0.9997   -0.0035   -0.0246
    0.0039    0.9999    0.0155
    0.0245   -0.0156    0.9996


ans(:,:,3) =

    0.0640    0.8807   -0.4693
   -0.9978    0.0480   -0.0460
   -0.0180    0.4712    0.8818


ans(:,:,4) =

    0.9967   -0.0083   -0.0802
   -0.0273    0.9013   -0.4323
    0.0759    0.4331    0.8981


ans(:,:,5) =

    0.8171   -0.5656    0.1118
    0.5740    0.7798   -0.2498
    0.0541    0.2682    0.9618


ans(:,:,6) =

    0.6508    0.7148   -0.2560
   -0.7576    0.6334   -0.1576
    0.0495    0.2965    0.9537


ans(:,:,7) =

   -0.0863   -0.8357    0.5424
    0.9960   -0.0595    0.0668
   -0.0236    0.5460    0.8374


ans(:,:,8) =

   -0.0148   -0.9942    0.1067
    0.9992   -0.0187   -0.0362
    0.0380    0.1061    0.9936


ans(:,:,9) =

    0.8656    0.4679   -0.1784
   -0.4941    0.7404   -0.4557
   -0.0812    0.4826    0.8721


ans(:,:,10) =

    0.9993    0.0177   -0.0316
   -0.0167    0.9994    0.0314
    0.0322   -0.0309    0.9990


ans(:,:,11) =

    0.3355   -0.9213   -0.1965
    0.8764    0.3818   -0.2935
    0.3455   -0.0737    0.9355


ans(:,:,12) =

    0.1183    0.6916   -0.7126
   -0.9930    0.0811   -0.0862
   -0.0018    0.7178    0.6963


ans(:,:,13) =

    0.9966    0.0092   -0.0815
   -0.0593    0.7673   -0.6385
    0.0566    0.6412    0.7653


ans(:,:,14) =

    0.8809   -0.4328   -0.1914
    0.3801    0.8881   -0.2585
    0.2819    0.1550    0.9468


ans(:,:,15) =

    0.1115   -0.9409   -0.3198
    0.9928    0.0912    0.0776
   -0.0439   -0.3261    0.9443


ans(:,:,16) =

    0.7845   -0.6003    0.1559
    0.5406    0.7850    0.3026
   -0.3040   -0.1531    0.9403


ans(:,:,17) =

    0.8686   -0.0344   -0.4943
   -0.1324    0.9452   -0.2985
    0.4775    0.3247    0.8164


ans(:,:,18) =

    0.9568    0.2420    0.1613
   -0.2050    0.9547   -0.2159
   -0.2062    0.1735    0.9630


ans(:,:,19) =

    0.9919   -0.0171   -0.1258
    0.0310    0.9935    0.1092
    0.1231   -0.1122    0.9860


ans(:,:,20) =

    0.4038   -0.8400    0.3625
    0.7961    0.5179    0.3132
   -0.4508    0.1622    0.8778


ans(:,:,21) =

    0.7937   -0.5953    0.1249
    0.5711    0.6587   -0.4898
    0.2094    0.4601    0.8628



>> cameraParams.TranslationVectors

ans =

   34.0311  -40.7565  539.6645
 -106.2324  -70.6889  457.6574
   36.1061  -76.2494  502.3030
  -91.3781  -71.7687  490.9154
 -137.1696  -16.6932  573.2639
  -27.8985 -111.3027  594.5154
  -97.0880   61.2410  413.9993
 -118.7941   55.5284  603.6290
  -61.1078 -102.7614  619.0440
  -96.1930  -80.2685  448.9774
 -140.3714   26.9222  634.7887
   33.4438  -71.8882  504.9788
  -94.9588  -40.3207  547.2165
 -132.5348  -31.8786  606.2844
 -109.5448   66.5688  475.0864
 -115.4099   -5.5809  509.6245
 -100.2531  -65.5529  573.8360
  -81.7055  -85.1517  499.6878
 -103.4337  -76.5354  492.9732
 -116.3694   27.9163  511.1272
 -141.5527  -10.5536  594.5142